+--------------------------------------------------------+
|                         Report                         |
+--------------------------------------------------------+
training size: 11
training_labels: [2, 4, 4, 4, 4, 3, 3, 4, 3, 4, 3]
training_index: [14, 23, 25, 38, 40, 48, 59, 86, 90, 101, 110]
predict label:  [2, 4, 3, 4, 4, 4, 4, 4, 4, 4, 4, 3, 4, 4, 4, 4, 4, 4, 4, 4, 4, 4, 4]
y_test:  [2, 4, 3, 3, 3, 3, 3, 3, 3, 3, 3, 3, 3, 3, 3, 3, 3, 3, 3, 3, 3, 3, 3]
             precision    recall  f1-score   support

          2       1.00      1.00      1.00         1
          3       1.00      0.10      0.17        21
          4       0.05      1.00      0.10         1

avg / total       0.96      0.17      0.21        23

accuracy: 0.173913043478


+--------------------------------------------------------+
|                         Report                         |
+--------------------------------------------------------+
training size: 11
training_labels: [2, 4, 4, 3, 4, 3, 4, 3, 3, 3, 4]
training_index: [8, 30, 37, 43, 45, 51, 73, 74, 75, 80, 104]
predict label:  [2, 2, 2, 2, 2, 2, 2, 2, 2, 2, 4, 4, 4, 3, 4, 3, 3, 4, 3, 3, 3, 4, 4, 3, 3, 4, 3, 4, 4, 4, 3, 4, 4, 4, 4, 4]
y_test:  [2, 2, 2, 2, 2, 2, 2, 2, 2, 2, 4, 4, 3, 3, 3, 3, 3, 3, 3, 3, 3, 3, 4, 3, 3, 3, 3, 3, 3, 3, 3, 3, 3, 3, 3, 3]
             precision    recall  f1-score   support

          2       1.00      1.00      1.00        10
          3       1.00      0.43      0.61        23
          4       0.19      1.00      0.32         3

avg / total       0.93      0.64      0.69        36

accuracy: 0.638888888889


+--------------------------------------------------------+
|                         Report                         |
+--------------------------------------------------------+
training size: 11
training_labels: [2, 4, 4, 3, 3, 3, 4, 3, 3, 3, 3]
training_index: [1, 29, 39, 57, 65, 85, 86, 95, 98, 107, 109]
predict label:  [2, 4, 4, 4, 3, 3, 3, 3, 3, 3, 3, 3, 3, 3, 3, 3, 3, 3, 3, 3, 3, 3, 3, 3, 3]
y_test:  [2, 4, 4, 4, 3, 3, 3, 3, 3, 3, 3, 3, 3, 3, 3, 3, 3, 3, 3, 3, 3, 3, 3, 3, 3]
             precision    recall  f1-score   support

          2       1.00      1.00      1.00         1
          3       1.00      1.00      1.00        21
          4       1.00      1.00      1.00         3

avg / total       1.00      1.00      1.00        25

accuracy: 1.0



+--------------------------------------------------------+
|                         Report                         |
+--------------------------------------------------------+
training size: 11
training_labels: [2, 2, 4, 4, 4, 3, 3, 3, 3, 3, 4]
training_index: [2, 9, 26, 27, 31, 36, 64, 75, 76, 81, 84]
predict label:  [2, 2, 2, 2, 2, 2, 2, 2, 2, 2, 2, 4, 4, 3, 3, 3, 3, 3, 3, 3, 3, 3, 3, 3, 3, 3, 3, 3, 3, 3, 3, 3, 3, 3]
y_test:  [2, 2, 2, 2, 2, 2, 2, 2, 2, 2, 2, 4, 4, 3, 3, 3, 3, 3, 3, 3, 3, 3, 3, 3, 3, 3, 3, 3, 3, 3, 3, 3, 3, 3]
             precision    recall  f1-score   support

          2       1.00      1.00      1.00        11
          3       1.00      1.00      1.00        21
          4       1.00      1.00      1.00         2

avg / total       1.00      1.00      1.00        34

accuracy: 1.0


+--------------------------------------------------------+
|                         Report                         |
+--------------------------------------------------------+
training size: 11
training_labels: [2, 2, 2, 2, 3, 3, 3, 3, 4, 3, 3]
training_index: [1, 2, 14, 20, 42, 56, 57, 68, 99, 105, 113]
predict label:  [2, 2, 2, 2, 2, 2, 2, 2, 2, 3, 3, 3, 3, 3, 3, 3, 3, 3, 3, 3, 3, 3, 3, 3, 3, 3, 3, 3, 3]
y_test:  [2, 2, 2, 2, 2, 2, 2, 2, 2, 3, 3, 3, 3, 3, 3, 3, 3, 3, 3, 3, 3, 3, 3, 3, 3, 3, 3, 3, 3]
             precision    recall  f1-score   support

          2       1.00      1.00      1.00         9
          3       1.00      1.00      1.00        20

avg / total       1.00      1.00      1.00        29

accuracy: 1.0


####################################################################
 K = 50
####################################################################

+--------------------------------------------------------+
|                         Report                         |
+--------------------------------------------------------+
training size: 11
training_labels: [2, 2, 4, 3, 3, 3, 3, 3, 4, 3, 3]
training_index: [12, 17, 45, 58, 60, 67, 68, 77, 89, 107, 108]
predict label:  [2, 3, 2, 2, 2, 2, 3, 3, 2, 2, 2, 2, 2, 4, 3, 4, 4, 3, 3, 3, 3, 3, 3, 3, 3, 3, 3, 3, 3, 3, 3, 3, 3, 3, 3, 3, 3, 3, 3, 3, 3, 3, 3, 3, 3, 3, 3, 3, 3, 3, 3, 3, 3, 3, 3, 3, 3, 3, 3, 3, 3, 3, 3, 3, 3, 3, 3, 3, 3, 3]
y_test:  [2, 2, 2, 2, 2, 2, 2, 2, 2, 2, 2, 2, 2, 4, 4, 4, 4, 4, 4, 3, 3, 3, 3, 3, 3, 3, 3, 3, 3, 3, 3, 3, 3, 3, 3, 3, 3, 4, 3, 3, 3, 3, 3, 3, 3, 3, 3, 3, 3, 3, 3, 4, 3, 3, 3, 3, 3, 3, 3, 3, 3, 3, 3, 3, 3, 3, 3, 3, 3, 3]
             precision    recall  f1-score   support

          2       1.00      0.77      0.87        13
          3       0.86      1.00      0.92        49
          4       1.00      0.38      0.55         8

avg / total       0.90      0.89      0.87        70

accuracy: 0.885714285714


+--------------------------------------------------------+
|                         Report                         |
+--------------------------------------------------------+
training size: 11
training_labels: [2, 4, 4, 3, 3, 3, 3, 3, 3, 3, 3]
training_index: [4, 22, 27, 49, 51, 61, 71, 74, 79, 91, 115]
predict label:  [3, 3, 3, 3, 3, 3, 3, 3, 3, 2, 3, 3, 3, 3, 3, 4, 3, 4, 4, 4, 3, 3, 3, 3, 3, 3, 3, 3, 3, 3, 3, 3, 3, 3, 3, 3, 3, 3, 3, 3, 3, 3, 3, 3, 3, 3, 3, 3, 3, 3, 3, 3, 4, 3, 3, 3, 3, 3, 3, 3, 3, 3, 3, 3, 3, 3, 3, 3, 3, 3, 3, 3]
y_test:  [2, 2, 2, 2, 2, 2, 2, 2, 2, 2, 2, 2, 2, 2, 2, 4, 4, 4, 4, 4, 4, 3, 3, 3, 3, 4, 3, 3, 3, 3, 3, 3, 3, 3, 3, 3, 3, 3, 3, 3, 3, 4, 3, 3, 3, 3, 3, 3, 3, 3, 3, 3, 4, 3, 3, 3, 3, 3, 3, 3, 3, 3, 3, 3, 3, 3, 3, 3, 3, 3, 3, 3]
             precision    recall  f1-score   support

          2       1.00      0.07      0.12        15
          3       0.73      1.00      0.84        48
          4       1.00      0.56      0.71         9

avg / total       0.82      0.75      0.68        72

accuracy: 0.75

+--------------------------------------------------------+
|                         Report                         |
+--------------------------------------------------------+
training size: 11
training_labels: [2, 2, 4, 4, 3, 3, 3, 3, 3, 3, 3]
training_index: [2, 12, 29, 34, 74, 75, 80, 90, 96, 107, 112]
predict label:  [3, 2, 2, 2, 2, 3, 3, 2, 2, 2, 2, 2, 2, 4, 3, 4, 3, 3, 3, 3, 3, 3, 3, 3, 3, 3, 3, 3, 3, 3, 3, 3, 3, 3, 3, 3, 3, 3, 3, 3, 3, 3, 3, 3, 3, 3, 3, 3, 3, 3, 3, 4, 3, 3, 3, 3, 3, 3, 3, 3, 3, 3, 3, 3, 3, 3, 3, 3, 3]
y_test:  [2, 2, 2, 2, 2, 2, 2, 2, 2, 2, 2, 2, 2, 4, 4, 4, 4, 3, 3, 3, 3, 4, 3, 3, 3, 3, 3, 3, 3, 3, 3, 3, 3, 3, 3, 3, 3, 3, 3, 4, 3, 3, 3, 3, 3, 3, 3, 3, 3, 3, 3, 4, 3, 3, 3, 3, 3, 3, 3, 3, 3, 3, 3, 3, 3, 3, 3, 3, 3]
             precision    recall  f1-score   support

          2       1.00      0.77      0.87        13
          3       0.88      1.00      0.93        49
          4       1.00      0.43      0.60         7

avg / total       0.91      0.90      0.89        69

accuracy: 0.898550724638


+--------------------------------------------------------+
|                         Report                         |
+--------------------------------------------------------+
training size: 11
training_labels: [2, 4, 4, 3, 4, 3, 3, 3, 4, 4, 3]
training_index: [16, 25, 28, 36, 39, 56, 58, 76, 92, 104, 109]
predict label:  [3, 3, 3, 3, 3, 2, 3, 3, 3, 2, 3, 2, 3, 3, 4, 4, 4, 4, 4, 4, 4, 3, 3, 3, 3, 3, 3, 3, 3, 3, 3, 3, 3, 3, 3, 3, 3, 3, 3, 3, 3, 3, 3, 3, 3, 3, 3, 3, 3, 3, 3, 3, 3, 3, 4, 3, 3, 3, 3, 3, 3, 3, 3, 3, 3, 3, 3, 3, 3, 3, 3, 3, 3, 3]
y_test:  [2, 2, 2, 2, 2, 2, 2, 2, 2, 2, 2, 2, 2, 2, 4, 4, 4, 4, 4, 4, 4, 3, 3, 3, 4, 3, 3, 3, 3, 3, 3, 3, 3, 3, 3, 3, 3, 3, 3, 3, 4, 3, 3, 3, 3, 3, 3, 3, 3, 3, 3, 3, 3, 3, 4, 3, 3, 3, 3, 3, 3, 3, 3, 3, 3, 3, 3, 3, 3, 3, 3, 3, 3, 3]
             precision    recall  f1-score   support

          2       1.00      0.21      0.35        14
          3       0.79      1.00      0.88        50
          4       1.00      0.80      0.89        10

avg / total       0.86      0.82      0.78        74

accuracy: 0.824324324324


+--------------------------------------------------------+
|                         Report                         |
+--------------------------------------------------------+
training size: 11
training_labels: [2, 2, 2, 4, 4, 4, 4, 3, 3, 4, 3]
training_index: [3, 4, 12, 24, 25, 29, 32, 51, 52, 69, 96]
predict label:  [2, 2, 2, 4, 2, 4, 4, 4, 2, 2, 4, 2, 2, 4, 4, 4, 4, 4, 4, 4, 4, 4, 4, 4, 4, 3, 4, 4, 4, 4, 4, 4, 4, 4, 4, 4, 4, 4, 4, 4, 4, 4, 4, 4, 4, 4, 4, 4, 4, 4, 4, 4, 4, 4, 4, 4, 4, 4, 4, 4, 4, 4, 4, 4, 4, 4, 4, 4, 4, 4, 4, 4, 4, 4]
y_test:  [2, 2, 2, 2, 2, 2, 2, 2, 2, 2, 2, 2, 2, 2, 4, 4, 4, 4, 4, 3, 3, 3, 3, 4, 3, 3, 3, 3, 3, 3, 3, 3, 3, 3, 3, 3, 3, 3, 3, 3, 3, 3, 3, 3, 3, 3, 3, 3, 3, 3, 3, 3, 3, 3, 4, 3, 3, 3, 3, 3, 3, 3, 3, 3, 3, 3, 3, 3, 3, 3, 3, 3, 3, 3]
             precision    recall  f1-score   support

          2       1.00      0.57      0.73        14
          3       1.00      0.02      0.04        53
          4       0.11      1.00      0.19         7

avg / total       0.92      0.22      0.18        74

accuracy: 0.216216216216



+--------------------------------------------------------+
|                         Report                         |
+--------------------------------------------------------+
training size: 11
training_labels: [2, 4, 3, 4, 3, 3, 3, 3, 3, 4, 3]
training_index: [18, 22, 36, 37, 42, 43, 44, 60, 70, 101, 116]
predict label:  [2, 3, 2, 3, 3, 3, 3, 3, 3, 2, 3, 3, 2, 3, 4, 3, 4, 4, 3, 4, 3, 3, 3, 3, 3, 3, 3, 3, 3, 3, 3, 3, 3, 3, 3, 3, 3, 3, 3, 3, 3, 3, 3, 3, 3, 3, 3, 3, 3, 3, 3, 3, 4, 3, 3, 3, 3, 3, 3, 3, 3, 3, 3, 3, 3, 3, 3, 3, 3, 3, 3, 3]
y_test:  [2, 2, 2, 2, 2, 2, 2, 2, 2, 2, 2, 2, 2, 2, 4, 4, 4, 4, 4, 4, 3, 4, 3, 3, 3, 3, 3, 3, 3, 3, 3, 3, 3, 3, 3, 3, 3, 3, 4, 3, 3, 3, 3, 3, 3, 3, 3, 3, 3, 3, 3, 3, 4, 3, 3, 3, 3, 3, 3, 3, 3, 3, 3, 3, 3, 3, 3, 3, 3, 3, 3, 3]
             precision    recall  f1-score   support

          2       1.00      0.29      0.44        14
          3       0.78      1.00      0.88        49
          4       1.00      0.56      0.71         9

avg / total       0.85      0.81      0.77        72

accuracy: 0.805555555556

+--------------------------------------------------------+
|                         Report                         |
+--------------------------------------------------------+
training size: 11
training_labels: [2, 2, 2, 2, 4, 3, 3, 3, 3, 4, 3]
training_index: [4, 10, 18, 20, 37, 44, 66, 68, 83, 88, 102]
predict label:  [2, 2, 2, 2, 2, 2, 2, 3, 3, 2, 2, 2, 2, 4, 3, 4, 4, 3, 4, 3, 3, 3, 3, 3, 3, 3, 3, 3, 3, 3, 3, 3, 3, 3, 3, 3, 3, 3, 3, 3, 3, 3, 3, 3, 3, 3, 3, 3, 3, 3, 3, 3, 3, 4, 3, 3, 3, 3, 3, 3, 3, 3, 3, 3, 3, 3, 3, 3, 3, 3, 3, 3, 3]
y_test:  [2, 2, 2, 2, 2, 2, 2, 2, 2, 2, 2, 2, 2, 4, 4, 4, 4, 4, 4, 3, 3, 3, 4, 3, 3, 3, 3, 3, 3, 3, 3, 3, 3, 3, 3, 3, 3, 3, 3, 4, 3, 3, 3, 3, 3, 3, 3, 3, 3, 3, 3, 3, 3, 4, 3, 3, 3, 3, 3, 3, 3, 3, 3, 3, 3, 3, 3, 3, 3, 3, 3, 3, 3]
             precision    recall  f1-score   support

          2       1.00      0.85      0.92        13
          3       0.89      1.00      0.94        51
          4       1.00      0.56      0.71         9

avg / total       0.93      0.92      0.91        73

accuracy: 0.917808219178

