automatically label 1 for posts that do not contain any seed words (15 out of 118)

#############################################################
 Test: 1
#############################################################
training size: 11
training_labels: [2, 2, 2, 4, 4, 4, 3, 3, 3, 3, 3]
training_index: [3, 10, 11, 23, 31, 41, 42, 49, 55, 74, 91]
+--------------------------------------------------------+
|                         Report                         |
+--------------------------------------------------------+
predict label:  [2, 2, 2, 2, 2, 2, 2, 2, 2, 2, 2, 2, 2, 2, 2, 2, 2, 1, 4, 1, 4, 1, 4, 1, 1, 1, 2, 1, 1, 1, 1, 1, 1, 2, 1, 3, 3, 1, 1, 3, 1, 3, 1, 1, 1, 1, 3, 1, 3, 3, 3, 3, 3, 3, 3, 3, 1, 1, 1, 1, 1, 3, 3, 2, 1, 3, 3, 3, 1, 3, 3, 1, 1, 1, 1, 1, 1, 1, 1, 1, 1, 1, 1, 3, 1, 1, 3, 1, 1, 1, 3, 3, 1, 3, 1, 3, 1, 1, 1, 1, 3, 1, 1, 3, 1, 1, 1]
y_test: [2, 2, 2, 2, 2, 2, 2, 2, 2, 2, 2, 2, 2, 2, 2, 2, 2, 4, 4, 4, 4, 4, 4, 4, 4, 4, 4, 4, 4, 3, 3, 4, 4, 4, 4, 3, 3, 4, 3, 3, 3, 3, 3, 3, 3, 3, 3, 3, 3, 3, 3, 3, 3, 3, 3, 3, 3, 3, 3, 4, 3, 3, 3, 4, 3, 3, 3, 3, 3, 3, 3, 3, 3, 4, 3, 4, 3, 4, 4, 3, 4, 4, 3, 3, 3, 3, 3, 4, 3, 4, 3, 3, 4, 3, 3, 3, 3, 3, 3, 3, 3, 3, 3, 3, 3, 3, 3]
  'recall', 'true', average, warn_for)
             precision    recall  f1-score   support

          1       0.00      0.00      0.00         0
          2       0.85      1.00      0.92        17
          3       1.00      0.45      0.62        62
          4       1.00      0.11      0.19        28

avg / total       0.98      0.45      0.56       107

accuracy: 0.448598130841

#############################################################
 Test: 2
#############################################################
training size: 11
training_labels: [2, 2, 4, 4, 4, 3, 4, 4, 3, 4, 3]
training_index: [5, 7, 27, 28, 29, 63, 73, 89, 95, 104, 106]
+--------------------------------------------------------+
|                         Report                         |
+--------------------------------------------------------+
predict label:  [2, 2, 2, 2, 2, 2, 2, 2, 2, 2, 2, 2, 2, 2, 2, 2, 2, 2, 1, 4, 1, 1, 4, 1, 1, 1, 4, 1, 1, 1, 1, 1, 1, 4, 1, 1, 1, 3, 3, 1, 1, 3, 1, 3, 3, 1, 1, 1, 1, 3, 3, 1, 3, 3, 3, 3, 3, 3, 3, 1, 1, 1, 1, 1, 3, 4, 1, 1, 4, 4, 3, 1, 3, 3, 1, 1, 1, 1, 1, 1, 1, 1, 3, 4, 1, 1, 1, 1, 4, 1, 1, 1, 3, 3, 4, 3, 1, 1, 1, 1, 3, 1, 1, 3, 1, 1, 1]
y_test:  [2, 2, 2, 2, 2, 2, 2, 2, 2, 2, 2, 2, 2, 2, 2, 2, 2, 2, 4, 4, 4, 4, 4, 4, 4, 4, 4, 4, 4, 3, 3, 4, 4, 4, 4, 4, 3, 3, 3, 4, 3, 3, 3, 3, 3, 3, 3, 3, 3, 3, 3, 3, 3, 3, 3, 3, 3, 3, 3, 3, 3, 3, 4, 3, 3, 3, 3, 3, 3, 3, 3, 3, 3, 3, 3, 3, 4, 3, 4, 3, 4, 3, 3, 4, 4, 3, 3, 3, 3, 4, 3, 4, 3, 3, 3, 3, 3, 3, 3, 3, 3, 3, 3, 3, 3, 3, 3]
/Users/ZwEin/.pyenv/versions/2.7.11/lib/python2.7/site-packages/sklearn/metrics/classification.py:1119: UndefinedMetricWarning: Recall and F-score are ill-defined and being set to 0.0 in labels with no true samples.
  'recall', 'true', average, warn_for)
             precision    recall  f1-score   support

          1       0.00      0.00      0.00         0
          2       1.00      1.00      1.00        18
          3       1.00      0.38      0.55        64
          4       0.50      0.20      0.29        25

avg / total       0.88      0.44      0.56       107

accuracy: 0.439252336449


#############################################################
 Test: 3
#############################################################
training size: 11
training_labels: [2, 2, 2, 2, 4, 4, 4, 3, 3, 3, 4]
training_index: [2, 3, 7, 10, 23, 33, 37, 64, 77, 79, 92]
+--------------------------------------------------------+
|                         Report                         |
+--------------------------------------------------------+
predict label:  [2, 2, 2, 2, 2, 2, 2, 2, 2, 2, 2, 2, 2, 2, 2, 2, 1, 2, 1, 4, 1, 4, 1, 1, 1, 1, 2, 1, 1, 1, 1, 4, 1, 1, 1, 3, 3, 1, 1, 2, 1, 3, 3, 1, 1, 1, 1, 1, 2, 1, 2, 2, 3, 2, 3, 3, 3, 1, 1, 1, 1, 1, 2, 4, 2, 1, 1, 4, 3, 3, 3, 1, 1, 1, 1, 1, 1, 1, 1, 1, 3, 1, 1, 3, 3, 1, 3, 1, 1, 1, 3, 3, 4, 4, 1, 3, 1, 1, 1, 1, 3, 1, 1, 3, 1, 1, 1]
y_test:  [2, 2, 2, 2, 2, 2, 2, 2, 2, 2, 2, 2, 2, 2, 2, 2, 4, 4, 4, 4, 4, 4, 4, 4, 4, 4, 4, 4, 3, 3, 4, 4, 4, 4, 3, 3, 3, 4, 3, 3, 3, 3, 3, 3, 3, 3, 3, 3, 3, 3, 3, 3, 3, 3, 3, 3, 3, 3, 3, 3, 4, 3, 3, 3, 4, 3, 3, 3, 3, 3, 3, 3, 3, 4, 3, 4, 3, 4, 4, 3, 3, 4, 3, 3, 3, 3, 3, 4, 3, 4, 3, 3, 4, 3, 3, 3, 3, 3, 3, 3, 3, 3, 3, 3, 3, 3, 3]
/Users/ZwEin/.pyenv/versions/2.7.11/lib/python2.7/site-packages/sklearn/metrics/classification.py:1119: UndefinedMetricWarning: Recall and F-score are ill-defined and being set to 0.0 in labels with no true samples.
  'recall', 'true', average, warn_for)
             precision    recall  f1-score   support

          1       0.00      0.00      0.00         0
          2       0.64      1.00      0.78        16
          3       1.00      0.31      0.48        64
          4       0.57      0.15      0.24        27

avg / total       0.84      0.37      0.46       107

accuracy: 0.373831775701



#############################################################
 Test: 4
#############################################################
training size: 11
training_labels: [2, 4, 3, 4, 3, 3, 3, 3, 3, 3, 3]
training_index: [17, 26, 35, 41, 54, 74, 79, 81, 100, 107, 117]
+--------------------------------------------------------+
|                         Report                         |
+--------------------------------------------------------+
predict label:  [2, 2, 2, 2, 2, 2, 2, 2, 2, 2, 2, 2, 2, 2, 2, 2, 2, 2, 2, 1, 4, 1, 1, 1, 4, 1, 1, 1, 1, 2, 1, 1, 1, 1, 1, 2, 1, 1, 3, 3, 1, 1, 3, 1, 3, 3, 1, 1, 1, 3, 3, 1, 3, 3, 3, 3, 3, 3, 3, 3, 1, 1, 1, 1, 1, 3, 3, 2, 1, 3, 3, 3, 3, 1, 1, 1, 1, 1, 1, 1, 1, 1, 3, 1, 1, 1, 3, 3, 1, 3, 1, 1, 3, 3, 1, 3, 1, 1, 1, 1, 1, 3, 1, 1, 3, 1, 1]
y_test:  [2, 2, 2, 2, 2, 2, 2, 2, 2, 2, 2, 2, 2, 2, 2, 2, 2, 2, 2, 4, 4, 4, 4, 4, 4, 4, 4, 4, 4, 4, 4, 4, 3, 4, 4, 4, 4, 3, 3, 3, 4, 3, 3, 3, 3, 3, 3, 3, 3, 3, 3, 3, 3, 3, 3, 3, 3, 3, 3, 3, 3, 3, 3, 4, 3, 3, 3, 4, 3, 3, 3, 3, 3, 3, 3, 4, 3, 4, 3, 4, 4, 3, 3, 4, 4, 3, 3, 3, 3, 3, 4, 4, 3, 3, 4, 3, 3, 3, 3, 3, 3, 3, 3, 3, 3, 3, 3]
/Users/ZwEin/.pyenv/versions/2.7.11/lib/python2.7/site-packages/sklearn/metrics/classification.py:1119: UndefinedMetricWarning: Recall and F-score are ill-defined and being set to 0.0 in labels with no true samples.
  'recall', 'true', average, warn_for)
             precision    recall  f1-score   support

          1       0.00      0.00      0.00         0
          2       0.86      1.00      0.93        19
          3       1.00      0.51      0.67        59
          4       1.00      0.07      0.13        29

avg / total       0.98      0.48      0.57       107

accuracy: 0.476635514019


#############################################################
 Test: 5
#############################################################
training size: 11
training_labels: [2, 2, 2, 2, 4, 3, 3, 3, 3, 3, 3]
training_index: [7, 9, 15, 18, 26, 52, 60, 67, 72, 75, 108]
+--------------------------------------------------------+
|                         Report                         |
+--------------------------------------------------------+
predict label:  [2, 2, 2, 2, 2, 2, 2, 2, 2, 2, 2, 2, 2, 2, 2, 2, 1, 2, 1, 1, 1, 1, 1, 1, 1, 1, 2, 1, 1, 1, 1, 1, 1, 2, 1, 1, 1, 3, 3, 1, 1, 3, 1, 3, 3, 1, 1, 1, 1, 3, 3, 3, 3, 3, 3, 3, 3, 3, 1, 1, 1, 1, 3, 2, 1, 3, 3, 3, 1, 3, 3, 1, 3, 1, 1, 1, 1, 1, 1, 1, 3, 1, 1, 1, 3, 3, 1, 3, 1, 1, 1, 3, 3, 1, 3, 1, 3, 1, 1, 1, 3, 1, 1, 3, 1, 1, 1]
y_test:  [2, 2, 2, 2, 2, 2, 2, 2, 2, 2, 2, 2, 2, 2, 2, 2, 4, 4, 4, 4, 4, 4, 4, 4, 4, 4, 4, 4, 4, 3, 3, 4, 4, 4, 4, 4, 3, 3, 3, 4, 3, 3, 3, 3, 3, 3, 3, 3, 3, 3, 3, 3, 3, 3, 3, 3, 3, 3, 3, 3, 4, 3, 3, 4, 3, 3, 3, 3, 3, 3, 3, 3, 3, 4, 3, 4, 3, 4, 4, 3, 3, 4, 4, 3, 3, 3, 3, 3, 4, 3, 4, 3, 3, 4, 3, 3, 3, 3, 3, 3, 3, 3, 3, 3, 3, 3, 3]
/Users/ZwEin/.pyenv/versions/2.7.11/lib/python2.7/site-packages/sklearn/metrics/classification.py:1117: UndefinedMetricWarning: Precision and F-score are ill-defined and being set to 0.0 in labels with no predicted samples.
  'precision', 'predicted', average, warn_for)
/Users/ZwEin/.pyenv/versions/2.7.11/lib/python2.7/site-packages/sklearn/metrics/classification.py:1119: UndefinedMetricWarning: Recall and F-score are ill-defined and being set to 0.0 in labels with no true samples.
  'recall', 'true', average, warn_for)
             precision    recall  f1-score   support

          1       0.00      0.00      0.00         0
          2       0.80      1.00      0.89        16
          3       1.00      0.51      0.67        61
          4       0.00      0.00      0.00        30

avg / total       0.69      0.44      0.52       107

accuracy: 0.439252336449
