Run 10 times with different seeds

Label Propagation doesn't work well, since it will always return 2 or 3, or 4 for all posts


+--------------------------------------------------------+
|                         Report                         |
+--------------------------------------------------------+
test round: 1  with random seed:  457
training label:  [2, 2, 3, 4, 2, 2, 3, 3, 3, 4, 4]
predict label:  [3 3 3 3 3 3 3 3 3 3 3 3 3 3 3 3 3 3 3 3 3 3 3 3 3 3 3 3 3 3 3 3 3 3 3 3 3
 3 3 3 3 3 3 3 3 3 3 3 3 3 3 3 3 3 3 3 3 3 3 3 3 3 3 3 3 3 3 3 3 3 3 3 3 3
 3 3 3 3 3 3 3 3 3 3 3 3 3 3 3 3 3 3 3 3 3 3 3 3 3 3 3 3 3 3 3 3 3]
             precision    recall  f1-score   support

          2       0.00      0.00      0.00        16
          3       0.59      1.00      0.74        63
          4       0.00      0.00      0.00        28

avg / total       0.35      0.59      0.44       107

accuracy: 0.588785046729



+--------------------------------------------------------+
|                         Report                         |
+--------------------------------------------------------+
test round: 2  with random seed:  604
training label:  [3, 2, 3, 3, 4, 4, 3, 2, 3, 3, 4]
predict label:  [3 3 3 3 3 3 3 3 3 3 3 3 3 3 3 3 3 3 3 3 3 3 3 3 3 3 3 3 3 3 3 3 3 3 3 3 3
 3 3 3 3 3 3 3 3 3 3 3 3 3 3 3 3 3 3 3 3 3 3 3 3 3 3 3 3 3 3 3 3 3 3 3 3 3
 3 3 3 3 3 3 3 3 3 3 3 3 3 3 3 3 3 3 3 3 3 3 3 3 3 3 3 3 3 3 3 3 3]
             precision    recall  f1-score   support

          2       0.00      0.00      0.00        18
          3       0.57      1.00      0.73        61
          4       0.00      0.00      0.00        28

avg / total       0.33      0.57      0.41       107

accuracy: 0.570093457944



+--------------------------------------------------------+
|                         Report                         |
+--------------------------------------------------------+
test round: 3  with random seed:  423
training label:  [2, 4, 4, 3, 4, 3, 3, 3, 4, 3, 2]
predict label:  [3 3 3 3 3 3 3 3 3 3 3 3 3 3 3 3 3 3 3 3 3 3 3 3 3 3 3 3 3 3 3 3 3 3 3 3 3
 3 3 3 3 3 3 3 3 3 3 3 3 3 3 3 3 3 3 3 3 3 3 3 3 3 3 3 3 3 3 3 3 3 3 3 3 3
 3 3 3 3 3 3 3 3 3 3 3 3 3 3 3 3 3 3 3 3 3 3 3 3 3 3 3 3 3 3 3 3 3]
             precision    recall  f1-score   support

          2       0.00      0.00      0.00        18
          3       0.58      1.00      0.73        62
          4       0.00      0.00      0.00        27

avg / total       0.34      0.58      0.43       107

accuracy: 0.579439252336



+--------------------------------------------------------+
|                         Report                         |
+--------------------------------------------------------+
test round: 4  with random seed:  245
training label:  [3, 2, 4, 2, 3, 4, 2, 3, 3, 4, 3]
predict label:  [3 3 3 3 3 3 3 3 3 3 3 3 3 3 3 3 3 3 3 3 3 3 3 3 3 3 3 3 3 3 3 3 3 3 3 3 3
 3 3 3 3 3 3 3 3 3 3 3 3 3 3 3 3 3 3 3 3 3 3 3 3 3 3 3 3 3 3 3 3 3 3 3 3 3
 3 3 3 3 3 3 3 3 3 3 3 3 3 3 3 3 3 3 3 3 3 3 3 3 3 3 3 3 3 3 3 3 3]
             precision    recall  f1-score   support

          2       0.00      0.00      0.00        17
          3       0.58      1.00      0.73        62
          4       0.00      0.00      0.00        28

avg / total       0.34      0.58      0.43       107

accuracy: 0.579439252336



+--------------------------------------------------------+
|                         Report                         |
+--------------------------------------------------------+
test round: 5  with random seed:  11
training label:  [3, 3, 3, 4, 3, 4, 3, 4, 3, 4, 3]
predict label:  [3 3 3 3 3 3 3 3 3 3 3 3 3 3 3 3 3 3 3 3 3 3 3 3 3 3 3 3 3 3 3 3 3 3 3 3 3
 3 3 3 3 3 3 3 3 3 3 3 3 3 3 3 3 3 3 3 3 3 3 3 3 3 3 3 3 3 3 3 3 3 3 3 3 3
 3 3 3 3 3 3 3 3 3 3 3 3 3 3 3 3 3 3 3 3 3 3 3 3 3 3 3 3 3 3 3 3 3]
             precision    recall  f1-score   support

          2       0.00      0.00      0.00        20
          3       0.56      1.00      0.72        60
          4       0.00      0.00      0.00        27

avg / total       0.31      0.56      0.40       107

accuracy: 0.560747663551


+--------------------------------------------------------+
|                         Report                         |
+--------------------------------------------------------+
test round: 6  with random seed:  210
training label:  [2, 4, 2, 4, 3, 3, 3, 3, 2, 3, 3]
predict label:  [2 2 2 2 2 2 2 2 2 2 2 2 2 2 2 2 2 2 2 2 2 2 2 2 2 2 2 2 2 2 2 2 2 2 2 2 2
 2 2 2 2 2 2 2 2 2 2 2 2 2 2 2 2 2 2 2 2 2 2 2 2 2 2 2 2 2 2 2 2 2 2 2 2 2
 2 2 2 2 2 2 2 2 2 2 2 2 2 2 2 2 2 2 2 2 2 2 2 2 2 2 2 2 2 2 2 2 2]
             precision    recall  f1-score   support

          2       0.16      1.00      0.27        17
          3       0.00      0.00      0.00        61
          4       0.00      0.00      0.00        29

avg / total       0.03      0.16      0.04       107

accuracy: 0.158878504673



+--------------------------------------------------------+
|                         Report                         |
+--------------------------------------------------------+
test round: 7  with random seed:  968
training label:  [2, 2, 4, 4, 2, 3, 2, 3, 3, 3, 4]
predict label:  [3 3 3 3 3 3 3 3 3 3 3 3 3 3 3 3 3 3 3 3 3 3 3 3 3 3 3 3 3 3 3 3 3 3 3 3 3
 3 3 3 3 3 3 3 3 3 3 3 3 3 3 3 3 3 3 3 3 3 3 3 3 3 3 3 3 3 3 3 3 3 3 3 3 3
 3 3 3 3 3 3 3 3 3 3 3 3 3 3 3 3 3 3 3 3 3 3 3 3 3 3 3 3 3 3 3 3 3]
             precision    recall  f1-score   support

          2       0.00      0.00      0.00        16
          3       0.59      1.00      0.74        63
          4       0.00      0.00      0.00        28

avg / total       0.35      0.59      0.44       107

accuracy: 0.588785046729



+--------------------------------------------------------+
|                         Report                         |
+--------------------------------------------------------+
test round: 8  with random seed:  798
training label:  [3, 2, 2, 4, 4, 3, 4, 4, 3, 3, 3]
predict label:  [3 3 3 3 3 3 3 3 3 3 3 3 3 3 3 3 3 3 3 3 3 3 3 3 3 3 3 3 3 3 3 3 3 3 3 3 3
 3 3 3 3 3 3 3 3 3 3 3 3 3 3 3 3 3 3 3 3 3 3 3 3 3 3 3 3 3 3 3 3 3 3 3 3 3
 3 3 3 3 3 3 3 3 3 3 3 3 3 3 3 3 3 3 3 3 3 3 3 3 3 3 3 3 3 3 3 3 3]
             precision    recall  f1-score   support

          2       0.00      0.00      0.00        18
          3       0.58      1.00      0.73        62
          4       0.00      0.00      0.00        27

avg / total       0.34      0.58      0.43       107

accuracy: 0.579439252336



+--------------------------------------------------------+
|                         Report                         |
+--------------------------------------------------------+
test round: 9  with random seed:  636
training label:  [3, 3, 3, 4, 3, 2, 2, 2, 2, 3, 3]
predict label:  [3 3 3 3 3 3 3 3 3 3 3 3 3 3 3 3 3 3 3 3 3 3 3 3 3 3 3 3 3 3 3 3 3 3 3 3 3
 3 3 3 3 3 3 3 3 3 3 3 3 3 3 3 3 3 3 3 3 3 3 3 3 3 3 3 3 3 3 3 3 3 3 3 3 3
 3 3 3 3 3 3 3 3 3 3 3 3 3 3 3 3 3 3 3 3 3 3 3 3 3 3 3 3 3 3 3 3 3]
             precision    recall  f1-score   support

          2       0.00      0.00      0.00        16
          3       0.57      1.00      0.73        61
          4       0.00      0.00      0.00        30

avg / total       0.33      0.57      0.41       107

accuracy: 0.570093457944



+--------------------------------------------------------+
|                         Report                         |
+--------------------------------------------------------+
test round: 10  with random seed:  699
training label:  [2, 4, 3, 3, 3, 3, 3, 4, 3, 3, 3]
predict label:  [3 3 3 3 3 3 3 3 3 3 3 3 3 3 3 3 3 3 3 3 3 3 3 3 3 3 3 3 3 3 3 3 3 3 3 3 3
 3 3 3 3 3 3 3 3 3 3 3 3 3 3 3 3 3 3 3 3 3 3 3 3 3 3 3 3 3 3 3 3 3 3 3 3 3
 3 3 3 3 3 3 3 3 3 3 3 3 3 3 3 3 3 3 3 3 3 3 3 3 3 3 3 3 3 3 3 3 3]
             precision    recall  f1-score   support

          2       0.00      0.00      0.00        19
          3       0.55      1.00      0.71        59
          4       0.00      0.00      0.00        29

avg / total       0.30      0.55      0.39       107

accuracy: 0.551401869159