+--------------------------------------------------------+
|                         Report                         |
+--------------------------------------------------------+
training size: 11
training_labels: [2, 4, 3, 3, 3, 3, 3, 3, 4, 3, 3]
training_index: [12, 31, 46, 55, 60, 80, 81, 95, 99, 108, 115]
predict label:  [3, 3, 3, 3, 3, 3, 3, 3, 3, 3, 3, 3, 3, 3, 3, 3, 3, 3, 3]
y_test:  [3, 3, 3, 3, 3, 3, 3, 3, 3, 3, 3, 3, 3, 3, 3, 3, 3, 3, 3]
             precision    recall  f1-score   support

          3       1.00      1.00      1.00        19

avg / total       1.00      1.00      1.00        19

accuracy: 1.0


+--------------------------------------------------------+
|                         Report                         |
+--------------------------------------------------------+
training size: 11
training_labels: [2, 4, 4, 3, 3, 3, 3, 3, 3, 3, 3]
training_index: [14, 21, 38, 47, 48, 80, 81, 90, 112, 114, 115]
predict label:  [2, 3, 3, 3, 3, 3, 3, 3, 3, 3, 3, 3, 3, 3, 3, 3, 3, 3, 3, 3, 3]
y_test:  [2, 3, 3, 3, 3, 3, 3, 3, 3, 3, 3, 3, 3, 3, 3, 3, 3, 3, 3, 3, 3]
             precision    recall  f1-score   support

          2       1.00      1.00      1.00         1
          3       1.00      1.00      1.00        20

avg / total       1.00      1.00      1.00        21

accuracy: 1.0


+--------------------------------------------------------+
|                         Report                         |
+--------------------------------------------------------+
training size: 11
training_labels: [2, 4, 4, 4, 3, 3, 3, 3, 3, 4, 3]
training_index: [14, 24, 28, 31, 58, 72, 79, 82, 90, 104, 115]
predict label:  [2, 3, 3, 3, 3, 3, 3, 3, 3, 3, 3, 4, 3, 3, 3, 3, 3, 3, 3, 3, 3, 3, 3]
y_test:  [2, 3, 3, 3, 3, 3, 3, 3, 3, 3, 3, 4, 3, 3, 3, 3, 3, 3, 3, 3, 3, 3, 3]
             precision    recall  f1-score   support

          2       1.00      1.00      1.00         1
          3       1.00      1.00      1.00        21
          4       1.00      1.00      1.00         1

avg / total       1.00      1.00      1.00        23

accuracy: 1.0

+--------------------------------------------------------+
|                         Report                         |
+--------------------------------------------------------+
training size: 11
training_labels: [2, 2, 2, 2, 4, 4, 3, 3, 4, 3, 3]
training_index: [1, 10, 14, 18, 28, 29, 76, 77, 89, 91, 108]
predict label:  [2, 2, 2, 2, 2, 2, 2, 2, 2, 4, 4, 3, 3, 3, 3, 3, 3, 3, 3, 3, 3, 3, 2, 3, 3, 3, 3, 3, 2, 3, 3, 3, 3]
y_test:  [2, 2, 2, 2, 2, 2, 2, 2, 2, 4, 4, 3, 3, 3, 3, 3, 3, 3, 3, 3, 3, 3, 3, 3, 3, 3, 3, 3, 3, 3, 3, 3, 3]
             precision    recall  f1-score   support

          2       0.82      1.00      0.90         9
          3       1.00      0.91      0.95        22
          4       1.00      1.00      1.00         2

avg / total       0.95      0.94      0.94        33

accuracy: 0.939393939394

+--------------------------------------------------------+
|                         Report                         |
+--------------------------------------------------------+
training size: 11
training_labels: [2, 2, 4, 3, 3, 3, 3, 4, 3, 3, 3]
training_index: [15, 19, 26, 48, 52, 53, 59, 69, 70, 76, 112]
predict label:  [2, 2, 2, 2, 2, 2, 2, 2, 2, 4, 4, 3, 3, 3, 3, 3, 3, 3, 3, 3, 3, 3, 3, 3, 3, 3, 3, 3, 3, 3]
y_test:  [2, 2, 2, 2, 2, 2, 2, 2, 2, 4, 4, 3, 3, 3, 3, 3, 3, 3, 3, 3, 3, 3, 3, 3, 3, 3, 3, 3, 3, 3]
             precision    recall  f1-score   support

          2       1.00      1.00      1.00         9
          3       1.00      1.00      1.00        19
          4       1.00      1.00      1.00         2

avg / total       1.00      1.00      1.00        30

accuracy: 1.0


+--------------------------------------------------------+
|                         Report                         |
+--------------------------------------------------------+
training size: 11
training_labels: [2, 2, 2, 4, 4, 3, 3, 3, 4, 3, 3]
training_index: [5, 9, 20, 25, 37, 46, 51, 68, 92, 96, 97]
predict label:  [2, 2, 2, 2, 2, 2, 2, 2, 2, 2, 3, 3, 3, 3, 3, 3, 3, 3, 3, 3, 3, 4, 3, 4, 3, 3, 3, 3, 3, 3, 3, 3, 3, 3, 3, 3, 3]
y_test:  [2, 2, 2, 2, 2, 2, 2, 2, 2, 2, 3, 3, 3, 3, 3, 3, 3, 3, 3, 3, 3, 4, 3, 3, 3, 3, 3, 3, 3, 3, 3, 3, 3, 3, 3, 3, 3]
             precision    recall  f1-score   support

          2       1.00      1.00      1.00        10
          3       1.00      0.96      0.98        26
          4       0.50      1.00      0.67         1

avg / total       0.99      0.97      0.98        37

accuracy: 0.972972972973


+--------------------------------------------------------+
|                         Report                         |
+--------------------------------------------------------+
training size: 11
training_labels: [2, 2, 4, 4, 3, 3, 3, 3, 3, 3, 3]
training_index: [10, 18, 29, 32, 61, 62, 63, 79, 80, 83, 105]
predict label:  [2, 2, 2, 2, 2, 2, 2, 2, 2, 2, 4, 4, 3, 3, 3, 3, 3, 3, 3, 3, 3, 3, 3, 3, 3, 3, 3, 3, 3, 3, 3, 3, 3, 3, 3, 3, 3]
y_test:  [2, 2, 2, 2, 2, 2, 2, 2, 2, 2, 4, 4, 3, 3, 3, 3, 3, 3, 3, 3, 3, 3, 3, 3, 3, 3, 3, 3, 3, 3, 3, 3, 3, 3, 3, 3, 3]
             precision    recall  f1-score   support

          2       1.00      1.00      1.00        10
          3       1.00      1.00      1.00        25
          4       1.00      1.00      1.00         2

avg / total       1.00      1.00      1.00        37

accuracy: 1.0


+--------------------------------------------------------+
|                         Report                         |
+--------------------------------------------------------+
training size: 11
training_labels: [2, 2, 2, 4, 4, 4, 3, 4, 3, 3, 4]
training_index: [7, 10, 15, 27, 29, 30, 53, 73, 77, 82, 88]
predict label:  [2, 2, 2, 2, 2, 2, 2, 2, 2, 4, 4, 4, 4, 4, 4, 4, 4, 4, 4, 4, 4, 4, 4, 4, 4, 4, 4, 4, 4, 4, 4]
y_test:  [2, 2, 2, 2, 2, 2, 2, 2, 2, 4, 3, 3, 3, 3, 3, 3, 3, 3, 3, 3, 3, 3, 3, 3, 3, 3, 3, 3, 3, 3, 3]
/Users/ZwEin/.pyenv/versions/2.7.11/lib/python2.7/site-packages/sklearn/metrics/classification.py:1117: UndefinedMetricWarning: Precision and F-score are ill-defined and being set to 0.0 in labels with no predicted samples.
  'precision', 'predicted', average, warn_for)
             precision    recall  f1-score   support

          2       1.00      1.00      1.00         9
          3       0.00      0.00      0.00        21
          4       0.05      1.00      0.09         1

avg / total       0.29      0.32      0.29        31

accuracy: 0.322580645161

+--------------------------------------------------------+
|                         Report                         |
+--------------------------------------------------------+
training size: 11
training_labels: [2, 2, 4, 4, 3, 3, 3, 3, 3, 4, 4]
training_index: [10, 13, 23, 24, 62, 63, 77, 80, 90, 92, 99]
predict label:  [2, 3, 3, 3, 3, 3, 3, 3, 3, 3, 3, 3, 3, 4, 3, 3, 4, 3, 3, 3, 3, 3, 3, 3, 3, 3, 3, 3, 3, 3]
y_test:  [2, 3, 3, 3, 3, 3, 3, 3, 3, 3, 3, 3, 3, 4, 3, 3, 3, 3, 3, 3, 3, 3, 3, 3, 3, 3, 3, 3, 3, 3]
             precision    recall  f1-score   support

          2       1.00      1.00      1.00         1
          3       1.00      0.96      0.98        28
          4       0.50      1.00      0.67         1

avg / total       0.98      0.97      0.97        30

accuracy: 0.966666666667


