+--------------------------------------------------------+
|                         Report                         |
+--------------------------------------------------------+
training size: 11
training_labels: [2, 2, 4, 4, 4, 4, 3, 3, 4, 4, 3]
training_index: [2, 18, 24, 30, 34, 41, 42, 91, 93, 99, 105]
predict label:  [2, 2, 2, 2, 2, 2, 2, 2, 2, 2, 2, 4, 4, 4, 4, 4, 3, 4, 4, 4, 4, 4, 4, 4, 4, 4, 4, 4, 4, 4, 4, 3, 4, 4, 4, 4, 4, 4, 4, 4, 4, 4, 4, 4, 4]
y_test:  [2, 2, 2, 2, 2, 2, 2, 2, 2, 2, 2, 4, 4, 3, 3, 4, 3, 3, 3, 3, 3, 3, 3, 3, 3, 3, 3, 4, 3, 3, 3, 3, 3, 3, 3, 3, 3, 3, 3, 3, 3, 3, 3, 3, 3]
             precision    recall  f1-score   support

          2       1.00      1.00      1.00        11
          3       1.00      0.07      0.12        30
          4       0.12      1.00      0.22         4

avg / total       0.92      0.38      0.35        45

accuracy: 0.377777777778

+--------------------------------------------------------+
|                         Report                         |
+--------------------------------------------------------+
training size: 11
training_labels: [2, 2, 4, 4, 4, 3, 3, 3, 4, 3, 3]
training_index: [3, 13, 29, 31, 34, 43, 70, 83, 93, 114, 116]
predict label:  [4, 4, 3, 3, 3, 3, 3, 3, 3, 3, 3, 3, 3, 3, 3, 3, 3, 3, 3, 3, 3, 3, 3, 3, 3, 3, 3, 3, 3, 3, 3]
y_test:  [4, 4, 3, 3, 3, 3, 3, 3, 3, 3, 3, 3, 3, 3, 3, 3, 3, 3, 3, 3, 3, 3, 3, 3, 3, 3, 3, 3, 3, 3, 3]
             precision    recall  f1-score   support

          3       1.00      1.00      1.00        29
          4       1.00      1.00      1.00         2

avg / total       1.00      1.00      1.00        31

accuracy: 1.0


+--------------------------------------------------------+
|                         Report                         |
+--------------------------------------------------------+
training size: 11
training_labels: [2, 2, 4, 4, 3, 3, 3, 3, 3, 4, 4]
training_index: [16, 18, 25, 32, 36, 63, 64, 78, 83, 92, 101]
predict label:  [2, 2, 2, 2, 2, 2, 2, 2, 2, 2, 2, 4, 3, 3, 3, 3, 3, 3, 3, 3, 3, 3, 3, 3, 3, 4, 3, 3, 3, 3, 3, 3, 3, 3, 3, 3, 3, 3, 3, 3, 3, 3, 3, 3, 3]
y_test:  [2, 2, 2, 2, 2, 2, 2, 2, 2, 2, 2, 4, 3, 3, 3, 3, 3, 3, 3, 3, 3, 3, 3, 3, 3, 4, 3, 3, 3, 3, 3, 3, 3, 3, 3, 3, 3, 3, 3, 3, 3, 3, 3, 3, 3]
             precision    recall  f1-score   support

          2       1.00      1.00      1.00        11
          3       1.00      1.00      1.00        32
          4       1.00      1.00      1.00         2

avg / total       1.00      1.00      1.00        45

accuracy: 1.0


+--------------------------------------------------------+
|                         Report                         |
+--------------------------------------------------------+
training size: 11
training_labels: [2, 2, 4, 4, 4, 3, 3, 3, 3, 3, 4]
training_index: [8, 10, 27, 29, 38, 62, 76, 77, 82, 96, 104]
predict label:  [2, 2, 2, 2, 2, 2, 2, 2, 2, 2, 2, 2, 4, 4, 3, 3, 4, 3, 3, 3, 3, 3, 3, 3, 3, 3, 3, 3, 3, 3, 3, 3, 3, 4, 3, 3, 3, 3, 3, 3, 3, 3, 3, 3, 3, 3, 3, 3, 3, 3, 3]
y_test:  [2, 2, 2, 2, 2, 2, 2, 2, 2, 2, 2, 2, 4, 4, 3, 3, 4, 3, 3, 3, 3, 3, 3, 3, 3, 3, 3, 3, 3, 3, 3, 3, 3, 4, 3, 3, 3, 3, 3, 3, 3, 3, 3, 3, 3, 3, 3, 3, 3, 3, 3]
             precision    recall  f1-score   support

          2       1.00      1.00      1.00        12
          3       1.00      1.00      1.00        35
          4       1.00      1.00      1.00         4

avg / total       1.00      1.00      1.00        51

accuracy: 1.0


+--------------------------------------------------------+
|                         Report                         |
+--------------------------------------------------------+
training size: 11
training_labels: [2, 2, 4, 3, 3, 3, 3, 3, 3, 3, 4]
training_index: [4, 8, 21, 46, 47, 52, 55, 57, 64, 77, 101]
predict label:  [2, 2, 2, 2, 2, 2, 2, 2, 2, 2, 2, 2, 3, 3, 3, 3, 3, 3, 3, 3, 3, 3, 3, 3, 3, 3, 3, 3, 3, 3, 3, 3, 3, 3, 3, 3, 3, 3]
y_test:  [2, 2, 2, 2, 2, 2, 2, 2, 2, 2, 2, 2, 3, 3, 3, 3, 3, 3, 3, 3, 3, 3, 3, 3, 3, 3, 3, 3, 3, 3, 3, 3, 3, 3, 3, 3, 3, 3]
             precision    recall  f1-score   support

          2       1.00      1.00      1.00        12
          3       1.00      1.00      1.00        26

avg / total       1.00      1.00      1.00        38

accuracy: 1.0


+--------------------------------------------------------+
|                         Report                         |
+--------------------------------------------------------+
training size: 11
training_labels: [2, 4, 4, 4, 4, 4, 4, 3, 3, 4, 3]
training_index: [17, 21, 23, 24, 29, 38, 40, 47, 53, 69, 90]
predict label:  [2, 2, 2, 2, 2, 2, 2, 2, 2, 2, 2, 2, 4, 4, 4, 4, 4, 4, 4, 4, 4, 4, 4, 4, 4, 4, 4, 3, 3, 4, 4, 4, 4, 4, 4, 4, 4, 4, 4, 4, 4, 4, 4]
y_test:  [2, 2, 2, 2, 2, 2, 2, 2, 2, 2, 2, 2, 4, 4, 3, 3, 3, 3, 3, 3, 3, 3, 3, 3, 3, 3, 3, 3, 3, 3, 3, 3, 3, 3, 3, 3, 3, 3, 3, 3, 3, 3, 3]
             precision    recall  f1-score   support

          2       1.00      1.00      1.00        12
          3       1.00      0.07      0.13        29
          4       0.07      1.00      0.13         2

avg / total       0.96      0.37      0.37        43

accuracy: 0.372093023256


+--------------------------------------------------------+
|                         Report                         |
+--------------------------------------------------------+
training size: 11
training_labels: [2, 4, 4, 3, 3, 3, 3, 3, 4, 3, 3]
training_index: [9, 23, 28, 36, 54, 68, 75, 76, 88, 94, 107]
predict label:  [2, 2, 2, 2, 2, 2, 2, 2, 2, 3, 3, 3, 3, 3, 3, 3, 3, 3, 3, 3, 3, 3, 3, 3, 3, 3, 3, 3, 3, 3, 3, 3, 3, 3, 3, 3, 3, 3, 3, 3, 3, 3, 3]
y_test:  [2, 2, 2, 2, 2, 2, 2, 2, 2, 3, 3, 3, 3, 3, 3, 3, 3, 3, 3, 3, 3, 3, 3, 4, 3, 3, 3, 3, 3, 3, 3, 3, 3, 3, 3, 3, 3, 3, 3, 3, 3, 3, 3]
/Users/ZwEin/.pyenv/versions/2.7.11/lib/python2.7/site-packages/sklearn/metrics/classification.py:1117: UndefinedMetricWarning: Precision and F-score are ill-defined and being set to 0.0 in labels with no predicted samples.
  'precision', 'predicted', average, warn_for)
             precision    recall  f1-score   support

          2       1.00      1.00      1.00         9
          3       0.97      1.00      0.99        33
          4       0.00      0.00      0.00         1

avg / total       0.95      0.98      0.97        43

accuracy: 0.976744186047


+--------------------------------------------------------+
|                         Report                         |
+--------------------------------------------------------+
training size: 11
training_labels: [2, 4, 4, 4, 4, 3, 3, 3, 3, 4, 3]
training_index: [12, 24, 25, 26, 31, 50, 52, 59, 70, 84, 95]
predict label:  [4, 4, 3, 4, 3, 3, 4, 4, 3, 4, 3, 3, 3, 3, 4, 3, 3, 3, 3, 3, 3, 4, 4, 3, 4, 4, 4, 4, 4, 3, 4, 4, 4, 4, 4]
y_test:  [4, 4, 3, 3, 3, 3, 3, 3, 3, 3, 3, 3, 3, 3, 3, 3, 3, 3, 3, 3, 3, 3, 3, 3, 3, 3, 3, 3, 3, 3, 3, 3, 3, 3, 3]
             precision    recall  f1-score   support

          3       1.00      0.48      0.65        33
          4       0.11      1.00      0.19         2

avg / total       0.95      0.51      0.63        35

accuracy: 0.514285714286

+--------------------------------------------------------+
|                         Report                         |
+--------------------------------------------------------+
training size: 11
training_labels: [2, 4, 3, 3, 3, 3, 3, 4, 3, 3, 3]
training_index: [19, 25, 44, 54, 56, 59, 67, 89, 91, 96, 113]
predict label:  [2, 2, 2, 2, 2, 2, 2, 2, 2, 2, 2, 2, 3, 3, 3, 3, 3, 3, 3, 3, 3, 3, 3, 3, 3, 3, 3, 3, 3, 3, 3, 3, 3, 3, 3, 3, 3, 3, 3]
y_test:  [2, 2, 2, 2, 2, 2, 2, 2, 2, 2, 2, 2, 3, 3, 3, 3, 3, 3, 3, 3, 3, 3, 4, 3, 3, 3, 3, 3, 3, 3, 3, 3, 3, 3, 3, 3, 3, 3, 3]
/Users/ZwEin/.pyenv/versions/2.7.11/lib/python2.7/site-packages/sklearn/metrics/classification.py:1117: UndefinedMetricWarning: Precision and F-score are ill-defined and being set to 0.0 in labels with no predicted samples.
  'precision', 'predicted', average, warn_for)
             precision    recall  f1-score   support

          2       1.00      1.00      1.00        12
          3       0.96      1.00      0.98        26
          4       0.00      0.00      0.00         1

avg / total       0.95      0.97      0.96        39

accuracy: 0.974358974359

+--------------------------------------------------------+
|                         Report                         |
+--------------------------------------------------------+
training size: 11
training_labels: [2, 2, 2, 4, 3, 3, 3, 3, 4, 3, 3]
training_index: [6, 9, 12, 28, 36, 47, 72, 82, 89, 102, 116]
predict label:  [2, 2, 2, 2, 2, 2, 2, 2, 2, 2, 2, 3, 3, 3, 3, 3, 3, 3, 3, 3, 3, 3, 3, 3, 3, 3, 3, 3, 3, 3, 3, 3, 3, 3, 3, 3, 3, 3]
y_test:  [2, 2, 2, 2, 2, 2, 2, 2, 2, 2, 2, 3, 3, 3, 3, 3, 3, 3, 3, 3, 3, 3, 3, 3, 3, 3, 3, 3, 3, 3, 3, 3, 3, 3, 3, 3, 3, 3]
             precision    recall  f1-score   support

          2       1.00      1.00      1.00        11
          3       1.00      1.00      1.00        27

avg / total       1.00      1.00      1.00        38

accuracy: 1.0