+--------------------------------------------------------+
|                         Report                         |
+--------------------------------------------------------+
training size: 11
training_labels: [2, 4, 4, 3, 3, 3, 4, 3, 4, 4, 3]
training_index: [4, 21, 23, 48, 62, 71, 84, 94, 99, 104, 107]
predict label:  [4, 3, 3, 3, 3, 4, 3, 4, 3, 4, 4, 4, 4, 4, 4]
y_test:  [3, 3, 3, 3, 3, 3, 3, 4, 3, 3, 3, 3, 3, 3, 3]
             precision    recall  f1-score   support

          3       1.00      0.43      0.60        14
          4       0.11      1.00      0.20         1

avg / total       0.94      0.47      0.57        15

accuracy: 0.466666666667



.
----------------------------------------------------------------------
Ran 1 test in 3.130s

OK
[Finished in 3.9s]